8
coronavirus 0.000 0.284 0.394 0.277 0.301 0.265 0.277 0.430
adenovirus 0.284 0.000 0.351 0.133 0.318 0.204 0.272 0.399
U18337.1 0.394 0.351 0.000 0.404 0.268 0.291 0.244 0.293
herpesvirus 0.277 0.133 0.404 0.000 0.351 0.229 0.302 0.482
Lactococcus_phage 0.301 0.318 0.268 0.351 0.000 0.262 0.146 0.300
KM389305.1 0.265 0.204 0.291 0.229 0.262 0.000 0.213 0.331
NC_028697.1 0.277 0.272 0.244 0.302 0.146 0.213 0.000 0.307
KC821626.1 0.430 0.399 0.293 0.482 0.300 0.331 0.307 0.000
